DU=C:/disk2, USER=irb21, NAME=LMO_4ClAP_C, EXPNO=10, PROCNO=1
F1=245.218ppm, F2=-14.968ppm, MI=0.00cm, MAXI=10000.00cm, PC=1.400
     #     ADDRESS            FREQUENCY         INTENSITY
                           [Hz]        [PPM]
     1     15227.9    18576.725     184.6358         1.54
     2     22718.5    15584.623     154.8971         3.74
     3     26650.1    14014.176     139.2882         3.55
     4     27514.7    13668.830     135.8558         2.57
     5     29133.6    13022.143     129.4283        10.89
     6     29360.3    12931.620     128.5286        11.56
     7     34683.0    10805.460     107.3965         0.41
     8     38814.6     9155.113      90.9935         2.55
     9     50422.1     4518.595      44.9107         1.15
    10     51523.1     4078.804      40.5396         2.12
    11     51575.9     4057.715      40.3300         6.57
    12     51628.4     4036.718      40.1213        12.89
    13     51681.0     4015.712      39.9125        15.00
    14     51733.6     3994.695      39.7037        12.86
    15     51786.1     3973.713      39.4951         6.44
    16     51838.7     3952.709      39.2864         2.14
    17     52279.1     3776.812      37.5381         1.00
