DU=C:/disk2, USER=irb21, NAME=LMO_3BrAP_1, EXPNO=21, PROCNO=1
F1=245.218ppm, F2=-14.968ppm, MI=0.00cm, MAXI=10000.00cm, PC=1.400
     #     ADDRESS            FREQUENCY         INTENSITY
                           [Hz]        [PPM]
     1     15350.0    18540.615     184.2770         2.76
     2     22654.1    15623.010     155.2786         8.79
     3     25748.1    14387.132     142.9951         9.74
     4     28048.9    13468.095     133.8607        12.46
     5     28792.2    13171.204     130.9099        14.92
     6     28957.2    13105.299     130.2548        15.00
     7     29864.0    12743.083     126.6547        14.19
     8     30959.2    12305.601     122.3066        10.63
     9     38828.8     9162.104      91.0630         6.76
    10     50407.7     4536.979      45.0935         4.59
    11     51522.9     4091.531      40.6661        26.54
    12     51575.6     4070.474      40.4568        79.34
    13     51628.1     4049.489      40.2483       157.87
    14     51680.7     4028.484      40.0395       184.71
    15     51733.3     4007.484      39.8308       157.16
    16     51785.9     3986.491      39.6221        78.06
    17     51838.3     3965.526      39.4137        25.50
    18     52256.1     3798.669      37.7553         4.11
