P 0
242.689745   242.300673
241.899691   241.661484
241.169189   240.942892
238.445685   238.223359
221.596490   221.366223
216.347990   215.990679
213.088520   212.862224
206.998354   206.776028
205.243561   204.925951
198.585667   198.355400
196.676039   196.437832
193.968416   193.734179
188.267322   188.033085
185.960682   185.734385
179.008999   178.778732
177.373309   177.143042
172.498000   172.251853
169.909481   169.683184
167.968092   167.737825
166.364163   165.808346
162.608428   162.370221
161.083901   160.849664
158.991647   158.761380
156.006116   155.759969
154.910363   154.688036
150.610721   150.380454
144.381601   144.151334
142.948387   142.602987
137.028936   136.794699
136.155510   135.925243
133.956062   133.725795
131.399304   131.176978
129.708033   129.446005
128.981500   128.743293
128.274819   128.024701
127.790464   127.568137
126.480324   126.234177
122.903245   122.672978
121.724119   121.489882
118.770348   118.528171
117.039376   116.813079
115.800698   115.582341
115.046375   114.816108
113.228059   112.993822
112.124365   111.894098
108.718001   108.491704
101.289904   101.059637
99.820959   99.594662
96.970412   96.728235
91.825135   91.586928
89.073841   88.831664
87.926476   87.696209
86.294756   86.060519
78.723735   78.485527
74.289109   74.050902
73.514936   73.280698
72.812224   72.581957
71.815724   71.581486
70.735851   70.497643
69.910065   69.679798
68.131451   67.889274
65.181651   64.951384
58.079104   57.844867
54.331309   54.085162
51.901595   51.675298
50.198413   49.964176
40.721734   39.280579
35.350159   35.111952
33.916946   33.686679
33.051459   32.829132
28.704176   28.477879
27.949853   27.723556
23.975762   23.737555
21.764404   21.426944
17.810163   17.583867
9.500700   9.258522
6.554869   6.324602
4.661122   4.426884
3.287460   3.041312
0.170914   -0.067293
-2.302471   -2.854318
-3.156047   -3.394255
-3.882579   -4.132697
-4.370904   -4.597201
-5.264182   -5.502389
