DU=C:/disk2, USER=irb21, NAME=LMO_4ClAP_1, EXPNO=10, PROCNO=1
F1=10.500ppm, F2=-0.500ppm, MI=0.01cm, MAXI=10000.00cm, PC=1.000
     #     ADDRESS            FREQUENCY         INTENSITY
                           [Hz]        [PPM]
     1      6432.1     3242.201       8.1029         0.05
     2      6452.9     3234.602       8.0839         0.05
     3      6544.1     3201.246       8.0005         0.02
     4      6568.0     3192.486       7.9786         0.03
     5      6598.3     3181.395       7.9509         0.08
     6      6651.2     3162.045       7.9025        12.35
     7      6674.3     3153.568       7.8814        13.48
     8      6843.5     3091.659       7.7266         6.77
     9      6876.9     3079.452       7.6961         7.04
    10      6918.3     3064.315       7.6583         0.10
    11      7003.5     3033.110       7.5803         0.06
    12      7026.9     3024.571       7.5590         0.06
    13      7072.4     3007.915       7.5173         0.09
    14      7122.8     2989.480       7.4713        14.02
    15      7145.9     2981.013       7.4501        12.72
    16      7351.7     2905.725       7.2620         0.05
    17      7372.4     2898.135       7.2430         0.06
    18      7379.6     2895.502       7.2364         0.05
    19      8729.6     2401.529       6.0019         0.04
    20      8763.1     2389.266       5.9712         0.04
    21      8834.1     2363.268       5.9063         0.01
    22      8941.9     2323.822       5.8077         7.24
    23      8975.3     2311.615       5.7772         7.01
    24      9020.0     2295.241       5.7362         0.06
    25      9158.2     2244.683       5.6099         0.04
    26      9191.5     2232.484       5.5794         0.04
    27     10833.0     1631.854       4.0783         0.02
    28     10847.3     1626.626       4.0652         0.02
    29     11094.8     1536.062       3.8389         0.06
    30     11565.8     1363.690       3.4081         0.01
    31     11591.2     1354.401       3.3849         0.02
    32     11610.2     1347.459       3.3676         0.04
    33     11629.4     1340.421       3.3500         0.06
    34     11672.3     1324.712       3.3107         9.96
    35     11832.2     1266.204       3.1645         0.59
    36     11873.5     1251.113       3.1268        14.78
    37     12124.9     1159.106       2.8968        15.00
    38     12316.2     1089.129       2.7219         0.10
    39     12390.2     1062.040       2.6542         0.02
    40     12495.0     1023.674       2.5584         0.13
    41     12571.5      995.709       2.4885         1.87
    42     12575.4      994.260       2.4848         2.36
    43     12764.6      925.039       2.3118         0.02
    44     13033.3      826.707       2.0661         0.68
    45     14104.5      434.739       1.0865         0.02
    46     14123.7      427.700       1.0689         0.04
    47     14142.8      420.732       1.0515         0.02
