DU=C:/disk2, USER=irb21, NAME=LMO_3BrAP_1, EXPNO=20, PROCNO=1
F1=10.500ppm, F2=-0.500ppm, MI=0.01cm, MAXI=10000.00cm, PC=1.000
     #     ADDRESS            FREQUENCY         INTENSITY
                           [Hz]        [PPM]
     1      6314.5     3285.242       8.2104         0.02
     2      6450.8     3235.367       8.0858         0.01
     3      6540.0     3202.730       8.0042         3.11
     4      6602.0     3180.024       7.9475         0.02
     5      6671.0     3154.790       7.8844         1.72
     6      6692.2     3147.031       7.8650         1.87
     7      6769.2     3118.844       7.7946         0.03
     8      6826.8     3097.776       7.7419         2.32
     9      6860.1     3085.605       7.7115         2.40
    10      6910.5     3067.166       7.6654         1.39
    11      6913.0     3066.250       7.6631         1.38
    12      6932.1     3059.248       7.6456         1.59
    13      6934.8     3058.281       7.6432         1.59
    14      6980.4     3041.562       7.6014         0.02
    15      7001.0     3034.029       7.5826         0.02
    16      7022.3     3026.234       7.5631         0.01
    17      7056.0     3013.926       7.5324         0.02
    18      7088.9     3001.867       7.5022         0.02
    19      7200.0     2961.238       7.4007         1.74
    20      7221.3     2953.417       7.3811         3.04
    21      7242.8     2945.565       7.3615         1.41
    22      7446.8     2870.926       7.1750         0.02
    23      8747.7     2394.898       5.9853         0.01
    24      8926.8     2329.341       5.8215         2.52
    25      8960.1     2317.164       5.7910         2.44
    26      9144.0     2249.878       5.6229         0.01
    27      9177.7     2237.539       5.5920         0.01
    28     11523.9     1379.037       3.4465         0.01
    29     11580.2     1358.444       3.3950         0.03
    30     11635.4     1338.216       3.3445         0.05
    31     11690.2     1318.189       3.2944        15.00
    32     11745.7     1297.860       3.2436         0.05
    33     11859.2     1256.348       3.1398         6.74
    34     12100.7     1167.965       2.9190         6.85
    35     12291.9     1097.992       2.7441         0.04
    36     12390.7     1061.865       2.6538         0.02
    37     12570.9      995.927       2.4890         2.98
    38     12575.2      994.323       2.4850         3.88
    39     12579.7      992.675       2.4809         2.95
    40     12764.8      924.960       2.3116         0.02
    41     13030.0      827.924       2.0691         0.01
    42     13959.3      487.883       1.2193         0.05
    43     14377.8      334.738       0.8366         0.02
