DU=C:/disk2, USER=irb21, NAME=LMO_3BrAP_1, EXPNO=22, PROCNO=1
F1=225.000ppm, F2=-10.000ppm, MI=0.00cm, MAXI=10000.00cm, PC=1.400
     #     ADDRESS            FREQUENCY         INTENSITY
                           [Hz]        [PPM]
     1     22654.1    15660.622     155.6525         9.03
     2     22948.8    15542.879     154.4822        -2.66
     3     28048.9    13505.703     134.2345        12.51
     4     28792.1    13208.839     131.2840        14.17
     5     28957.1    13142.922     130.6288        15.00
     6     29863.8    12780.732     127.0290        14.88
     7     34619.2    10881.210     108.1494        -2.85
     8     38828.8     9199.692      91.4367         6.53
