P 0
245.226653   244.508061
244.265883   243.658455
243.182040   239.755825
238.838727   238.592580
235.388692   235.158425
234.404102   234.177805
231.418571   231.188304
230.501473   230.275176
227.885163   227.650925
220.961271   220.731004
212.258765   212.020558
200.495296   200.253118
197.644749   197.406541
196.715740   196.473563
193.928715   193.690508
191.129780   190.895542
184.007382   183.610370
175.809081   175.582784
165.173126   164.938889
164.660981   164.418803
163.120574   162.882366
155.771879   155.517791
154.600693   154.386307
148.589930   148.351722
141.527084   141.300787
134.357045   134.102957
133.257321   133.019114
132.006733   131.768526
131.399304   131.030083
130.748204   130.498087
127.183035   126.897187
122.954856   122.728559
117.015555   116.519290
116.289023   116.062726
114.212649   113.978412
113.565519   113.335252
107.646069   107.411831
103.945915   102.925594
91.979970   91.749703
91.578988   91.277258
87.422271   87.195974
83.591103   83.356866
79.263671   79.037374
76.917330   76.683092
69.989468   69.767141
66.833221   66.321076
65.126069   64.891832
64.272493   64.022376
57.686062   57.443884
50.111070   49.880803
46.140949   45.914652
41.086985   40.340602
38.236438   37.672680
32.039078   31.800871
24.944471   24.714204
14.626126   14.391889
13.049988   12.811781
5.328102   5.085925
2.167885   1.929678
-0.035532   -0.261829
-1.075704   -1.313911
