   Current data set:     
   NAME =    LMO_4MeAP_1   EXPNO =    10   PROCNO =     1      
   USER =          irb21   DU    = C:/disk2 

   MI=0.01 cm, MAXI=10000.00 cm, PC=1.000

   Peak-Nr             Frequency            Intensity    Integral
                  [Hz]          [ppm]           [cm]

         1      3193.487        7.9811          0.02
         2      3186.475        7.9636          0.02
         3      3154.110        7.8827          0.03
         4      3141.531        7.8513          0.03
         5      3115.436        7.7861          4.65
         6      3107.377        7.7659          4.98
         7      3072.255        7.6781          2.78
         8      3059.978        7.6475          2.87
         9      3035.538        7.5864          0.03
        10      3028.192        7.5680          0.03
        11      2988.658        7.4692          0.02
        12      2976.412        7.4386          0.02
        13      2967.757        7.4170          0.02
        14      2960.373        7.3985          0.02
        15      2890.004        7.2227          4.50
        16      2882.074        7.2028          4.18
        17      2810.258        7.0234          0.02
        18      2803.184        7.0057          0.02
      Int-Reg:   1       8.1471     6.8321                29.0799 
   --------------------------------------------------------------
        19      2397.688        5.9923          0.02
        20      2385.405        5.9616          0.02
        21      2320.231        5.7987          2.93
        22      2307.953        5.7680          2.83
        23      2241.377        5.6016          0.02
        24      2229.063        5.5708          0.01
      Int-Reg:   2       6.1142     5.4356                5.87512 
   --------------------------------------------------------------
        25      1363.552        3.4078          0.02
        26      1343.664        3.3581          0.06
        27      1324.115        3.3092         11.18
        28      1304.077        3.2591          0.07
        29      1243.300        3.1072          2.80
        30      1153.036        2.8817          2.81
        31      1086.118        2.7144          0.03
        32      1061.960        2.6540          0.02
        33      1010.117        2.5245          0.03
        34       994.210        2.4847          1.45
        35       970.106        2.4245          0.04
        36       949.468        2.3729          0.10
        37       930.064        2.3244         15.00
        38       866.120        2.1646          0.08
        39       827.497        2.0681          0.04
      Int-Reg:   3       3.8014     1.9377                 65.045 
   --------------------------------------------------------------
