H
#frequency    half width   %gauss/100.
3193.487       5.49            0.0
3186.475       5.49            0.0
3154.110       5.49            0.0
3141.531       9.51            0.0
3115.436       3.29            0.0
3107.377       3.29            0.0
3072.255       2.20            0.0
3059.978       2.56            0.0
3035.538       9.88            0.0
3028.192       6.22            0.0
2988.658       3.29            0.0
2976.412       4.03            0.0
2967.757       6.59            0.0
2960.373       5.49            0.0
2890.004       3.66            0.0
2882.074       3.66            0.0
2810.258       5.12            0.0
2803.184       6.22            0.0
2397.688       2.56            0.0
2385.405       2.93            0.0
2320.231       2.20            0.0
2307.953       2.20            0.0
2241.377       2.93            0.0
2229.063       2.56            0.0
1363.552       10.98           0.0
1343.664       7.32            0.0
1324.115       1.83            0.0
1304.077       7.68            0.0
1243.300       15.00           0.0
1153.036       15.00           0.0
1086.118       19.03           0.0
1061.960       12.08           0.0
1010.117       8.42            0.0
994.210        5.85            0.0
970.106        9.88            0.0
949.468        6.59            0.0
866.120        2.93            0.0
827.497        1.83            0.0
486.427        10.61           0.0
