DU=C:/disk2, USER=irb21, NAME=LMO_4MeAP_1, EXPNO=11, PROCNO=1
F1=245.218ppm, F2=-14.968ppm, MI=0.00cm, MAXI=10000.00cm, PC=1.400
     #     ADDRESS            FREQUENCY         INTENSITY
                           [Hz]        [PPM]
     1     14927.9    18696.537     185.8267         2.76
     2     22870.3    15523.983     154.2944         4.95
     3     26229.8    14182.073     140.9570         4.93
     4     26995.4    13876.252     137.9174         4.20
     5     29228.3    12984.325     129.0524        15.00
     6     29586.4    12841.287     127.6308        13.90
     7     38758.9     9177.370      91.2148         4.49
     8     50447.8     4508.290      44.8083         0.71
     9     51524.1     4078.400      40.5356         4.32
    10     51576.8     4057.344      40.3263        12.95
    11     51629.4     4036.335      40.1175        25.70
    12     51681.9     4015.365      39.9091        30.11
    13     51734.5     3994.361      39.7003        25.58
    14     51787.0     3973.370      39.4917        12.80
    15     51839.6     3952.372      39.2830         4.13
    16     52310.1     3764.415      37.4149         0.67
    17     56359.5     2146.899      21.3382         7.36
